      0/29     2.53G   0.07339   0.02665   0.04327    0.1433        17       640    0.1399     0.389    0.2767   0.08799    0.0502   0.02811   0.02074
      1/29     2.54G   0.05227    0.0182   0.02479   0.09526        18       640    0.6187     0.779    0.8294    0.4868   0.03473   0.02381   0.01242
      2/29     2.54G   0.04886   0.01561   0.01784   0.08232        13       640    0.3106    0.7259    0.3337    0.1346   0.04994   0.02922   0.03101
      3/29     2.54G   0.04463   0.01516   0.01525   0.07504         7       640    0.5247    0.8697    0.7781    0.3659   0.03881   0.02539   0.01694
      4/29     2.54G   0.03739   0.01439   0.01251   0.06429        16       640    0.5788    0.7937    0.6155    0.3725   0.03231   0.02567   0.02049
      5/29     2.54G   0.03386   0.01374    0.0105    0.0581        17       640    0.4766    0.9442    0.7782    0.4943   0.02664   0.02072  0.009796
      6/29     2.54G   0.03177   0.01292  0.009292   0.05398        19       640    0.6192    0.8909    0.8121    0.4822    0.0282   0.02382  0.008422
      7/29     2.54G   0.02975   0.01251   0.00844    0.0507        31       640    0.9035    0.7088    0.7531     0.522   0.02917   0.02574   0.01496
      8/29     2.54G   0.02809   0.01209  0.007132   0.04731        11       640    0.5811    0.9084     0.922    0.6644   0.02482   0.02307   0.00805
      9/29     2.54G    0.0267   0.01155  0.006908   0.04516        16       640    0.5785    0.8734    0.9083    0.6902   0.02745   0.02253   0.01741
     10/29     2.54G   0.02627   0.01142  0.006243   0.04394        20       640     0.615    0.8705    0.8917    0.5982   0.02549   0.02264   0.01317
     11/29     2.54G   0.02499   0.01107  0.005989   0.04205        14       640    0.5148    0.9107    0.7806    0.5705   0.02309   0.02255  0.007542
     12/29     2.54G   0.02396   0.01052   0.00547   0.03995        23       640    0.5434    0.9192    0.9038    0.6715   0.02193   0.02196  0.004672
     13/29     2.54G   0.02271   0.01053  0.005316   0.03856        13       640    0.5666    0.8671     0.619    0.4415   0.02384   0.02382   0.01116
     14/29     2.54G   0.02269   0.01028  0.005097   0.03807        22       640    0.5608    0.9043    0.7167    0.5045   0.02468    0.0208  0.008768
     15/29     2.54G   0.02102   0.01014  0.004817   0.03597        20       640    0.5789    0.8364     0.894    0.6381   0.02565   0.02489   0.01818
     16/29     2.54G   0.02074  0.009678  0.004161   0.03458        19       640    0.5681    0.9137    0.9243    0.7373   0.02166   0.02169  0.005568
     17/29     2.54G   0.01963  0.009586  0.004078    0.0333        20       640    0.7521    0.8748    0.9193    0.6837   0.02221   0.02264    0.0147
     18/29     2.54G    0.0197  0.009466  0.003695   0.03286        31       640    0.7244    0.9099    0.9307    0.7228   0.02135   0.02105  0.006631
     19/29     2.54G   0.01861  0.009274  0.003758   0.03164        18       640     0.562    0.9049     0.926    0.7016     0.021   0.02045  0.005999
     20/29     2.54G    0.0181  0.009196   0.00358   0.03088        17       640    0.5648    0.9363    0.9446    0.7151   0.02144   0.01842  0.004098
     21/29     2.54G   0.01765  0.008911  0.003171   0.02973        21       640    0.6639    0.9068    0.9374    0.7056    0.0208   0.02023  0.008349
     22/29     2.54G   0.01683  0.008662  0.002712   0.02821        19       640    0.5844     0.922    0.9391    0.7618   0.02036   0.01923   0.00618
     23/29     2.54G   0.01666  0.008574  0.002709   0.02794        18       640    0.5622    0.8822    0.9317    0.6905   0.02174   0.02033   0.01294
     24/29     2.54G   0.01603  0.008462  0.002692   0.02718        26       640    0.6527    0.8862    0.9091    0.7137   0.01999   0.02269  0.005188
     25/29     2.54G   0.01577  0.008338  0.002709   0.02682        20       640    0.6015    0.8954    0.9207    0.7097   0.02098   0.02327  0.006823
     26/29     2.54G   0.01535  0.008153  0.002438   0.02594        26       640    0.6405    0.8882    0.9266    0.7272   0.02078   0.02288  0.008026
     27/29     2.54G   0.01506  0.008146  0.002446   0.02565        18       640    0.5907    0.9109    0.9385    0.7284   0.02018   0.02145  0.004943
     28/29     2.54G   0.01492  0.007906  0.002213   0.02504        40       640    0.5622    0.9171    0.9422    0.7312   0.02032   0.02073   0.00761
     29/29     2.54G   0.01476  0.007998  0.002293   0.02505        16       640    0.5667     0.922    0.9497    0.7374    0.0204   0.02104  0.007624
